{"nbformat":4,"nbformat_minor":0,"metadata":{"colab":{"provenance":[],"authorship_tag":"ABX9TyPVrHHoi/7Q/nXQg5NjdWOf"},"kernelspec":{"name":"python3","display_name":"Python 3"},"language_info":{"name":"python"}},"cells":[{"cell_type":"markdown","source":["# **Simplified Attention**"],"metadata":{"id":"QiwJG4gd6Alt"}},{"cell_type":"code","execution_count":null,"metadata":{"id":"j4zbWPG0yQ9Q"},"outputs":[],"source":["import torch\n","import numpy as np"]},{"cell_type":"code","source":["inputs = torch.tensor(\n","[[ 0.32,-0.88 , 1.25 , 0.04 ,-0.52],\n"," [ 0.97, 0.10 ,-0.33 , 0.45 , 0.21],\n"," [-0.41, 1.17 , -0.73 , -0.62 , 0.87],\n"," [ 0.14, -0.55,  0.07 , 0.98 , 0.65],\n"," [-0.89, 0.34 , 0.41 , -0.21 , 0.03]]\n",")"],"metadata":{"id":"3H9lv6x6yWJW"},"execution_count":null,"outputs":[]},{"cell_type":"code","source":["attention_scores = torch.mm(inputs, inputs.T)\n","attention_scores"],"metadata":{"colab":{"base_uri":"https://localhost:8080/"},"id":"0g46B0iazUzF","executionInfo":{"status":"ok","timestamp":1761050918192,"user_tz":-330,"elapsed":108,"user":{"displayName":"Ashish Biswal","userId":"03902015277986563515"}},"outputId":"e1304589-2aa2-4dd7-aa47-7d8863145c80"},"execution_count":null,"outputs":[{"output_type":"execute_result","data":{"text/plain":["tensor([[ 2.7113, -0.2813, -2.5505,  0.3175, -0.0955],\n","        [-0.2813,  1.3064, -0.1361,  0.6352, -1.0528],\n","        [-2.5505, -0.1361,  3.2112, -0.7941,  0.6197],\n","        [ 0.3175,  0.6352, -0.7941,  1.7099, -0.4692],\n","        [-0.0955, -1.0528,  0.6197, -0.4692,  1.1208]])"]},"metadata":{},"execution_count":6}]},{"cell_type":"code","source":["attention_weights = torch.softmax(attention_scores, dim=-1) # These are also probabilities how much a query attends to other tokens\n","print(attention_weights)\n","print(attention_weights[0].sum())"],"metadata":{"colab":{"base_uri":"https://localhost:8080/"},"id":"o-k_gEkFz3Ty","executionInfo":{"status":"ok","timestamp":1761051125155,"user_tz":-330,"elapsed":13,"user":{"displayName":"Ashish Biswal","userId":"03902015277986563515"}},"outputId":"9061e4fb-bd8c-4c84-f1ba-2a53e1e47e84"},"execution_count":null,"outputs":[{"output_type":"stream","name":"stdout","text":["tensor([[0.8285, 0.0416, 0.0043, 0.0756, 0.0500],\n","        [0.0999, 0.4887, 0.1155, 0.2498, 0.0462],\n","        [0.0028, 0.0311, 0.8838, 0.0161, 0.0662],\n","        [0.1392, 0.1913, 0.0458, 0.5603, 0.0634],\n","        [0.1335, 0.0512, 0.2729, 0.0919, 0.4505]])\n","tensor(1.0000)\n"]}]},{"cell_type":"code","source":["context_vector = torch.mm(attention_weights, inputs) # enriched embedding vector having information of semantics.\n","context_vector"],"metadata":{"colab":{"base_uri":"https://localhost:8080/"},"id":"uQHfBRZ00buD","executionInfo":{"status":"ok","timestamp":1761051126173,"user_tz":-330,"elapsed":11,"user":{"displayName":"Ashish Biswal","userId":"03902015277986563515"}},"outputId":"4e627bfc-5c1c-4869-bdf1-64e5f82326ee"},"execution_count":null,"outputs":[{"output_type":"execute_result","data":{"text/plain":["tensor([[ 0.2697, -0.7445,  1.0446,  0.1128, -0.3677],\n","        [ 0.4525, -0.0256, -0.0843,  0.3874,  0.3149],\n","        [-0.3880,  1.0484, -0.6237, -0.5320,  0.7865],\n","        [ 0.2333, -0.3364,  0.1427,  0.5990,  0.3737],\n","        [-0.4075,  0.3096,  0.1418, -0.1454,  0.2520]])"]},"metadata":{},"execution_count":12}]},{"cell_type":"code","source":["context_vector2 = attention_weights @ inputs # enriched embedding vector having information of semantics.\n","context_vector2"],"metadata":{"colab":{"base_uri":"https://localhost:8080/"},"id":"i5OnqkYt0qME","executionInfo":{"status":"ok","timestamp":1761056216635,"user_tz":-330,"elapsed":15,"user":{"displayName":"Ashish Biswal","userId":"03902015277986563515"}},"outputId":"9c14e75a-e564-412d-d803-5fa83d152a7a"},"execution_count":null,"outputs":[{"output_type":"execute_result","data":{"text/plain":["tensor([[ 0.2697, -0.7445,  1.0446,  0.1128, -0.3677],\n","        [ 0.4525, -0.0256, -0.0843,  0.3874,  0.3149],\n","        [-0.3880,  1.0484, -0.6237, -0.5320,  0.7865],\n","        [ 0.2333, -0.3364,  0.1427,  0.5990,  0.3737],\n","        [-0.4075,  0.3096,  0.1418, -0.1454,  0.2520]])"]},"metadata":{},"execution_count":13}]},{"cell_type":"code","source":[],"metadata":{"id":"0NTw6fVcIVTT"},"execution_count":null,"outputs":[]},{"cell_type":"markdown","source":["# **Self attention with trainable weights**"],"metadata":{"id":"NCycC1l55xo9"}},{"cell_type":"code","source":["clas"],"metadata":{"id":"94A6MSpg53Jj"},"execution_count":null,"outputs":[]}]}